#interaktiomalli 1, miehet:

int1perusmeansm <- c(  0.04316,    0.04301,    0.03952 )
int1peruslowersm <- c( 0.04035,    0.04007,    0.03645  )
int1perusuppersm <- c( 0.04615,    0.04615,    0.04285  )

int1tokameansm <- c( 0.02999,     0.02561,     0.02456  )
int1tokalowersm <- c( 0.02781,     0.02385,     0.02286  )
int1tokauppersm <- c( 0.03233,     0.02751,     0.02638  )

int1korkmeansm <- c( 0.02669,     0.01780,     0.01201  )
int1korklowersm <- c( 0.02458,     0.01618,     0.01080  )
int1korkuppersm <- c(0.02897,     0.01958,     0.01336   )

#interaktiomalli 3, miehet:

int3perusmeansm <- c( .03857,     .04030,     .03294  )
int3peruslowersm <- c( .03218,     .03366,     .02687  )
int3perusuppersm <- c( .04613,     .04815,     .04028  )

int3tokameansm <- c( .02712,      .02396,      .02311  )
int3tokalowersm <- c( .02247,      .02001,      .01927  )
int3tokauppersm <- c( .03268,      .02865,      .02769  )

int3korkmeansm <- c( .02808,      .01688,      .01226  )
int3korklowersm <- c( .02321,      .01369,      .00980  )
int3korkuppersm <- c( .03394,      .02080,      .01532  )